GO:0005923	0.000155082972243039
GO:0030545	0.000326860038546106
GO:0043296	0.000425906362998318
GO:0017069	0.000445852808802854
