GO:0005923	0.000234998459175511
GO:0043296	0.000361112583037673
GO:0016327	0.000401344558611214
