GO:0051262	2.36978525518746e-05
GO:0051301	3.64747535682369e-05
GO:0005815	6.08302386930013e-05
GO:0007032	0.000266672774380137
