GO:0046324	3.83438610153815e-05
GO:0046323	5.03858758358342e-05
GO:0010827	0.000210799002204115
GO:0009898	0.000406184037659009
