GO:0005852	4.18231567313215e-07
GO:0006413	0.000308520718279948
