GO:0032154	1.21720356929799e-05
GO:0032153	1.57589547536642e-05
GO:0008138	7.1755010476009e-05
GO:0030496	0.000186512473490768
