GO:0032011	3.55181362068318e-06
GO:0005086	6.42874574057673e-06
GO:0032012	6.95921795426874e-05
GO:0006921	0.000225712439714026
