GO:0005758	2.87400869038273e-05
GO:0031970	6.08721765649669e-05
