GO:0033059	0.000408472816315592
GO:0042994	0.000468344610810063
