GO:0009247	1.72950779289898e-05
GO:0030101	0.00039596027559774
GO:0005791	0.000480803981467154
