GO:0004553	0.000150369855146102
GO:0016798	0.000298669845712169
