GO:0006906	3.25234025839167e-05
GO:0019829	0.000210568775444984
GO:0048471	0.000292362031994977
