GO:0000314	3.62174531615016e-06
GO:0000313	0.00022778810556148
GO:0015935	0.000245208545913713
