GO:0035176	4.99220563410515e-06
GO:0051705	0.000124951506879678
