GO:0031047	1.78380754506527e-05
GO:0016458	8.0300997452464e-05
