GO:0021522	8.89241282538977e-06
GO:0021517	1.68626094456608e-05
GO:0021515	4.79894063092669e-05
GO:0021510	0.00024664359710779
