GO:0005614	1.66936856864936e-06
GO:0007212	3.36939088969948e-05
GO:0005518	0.00025280296302713
GO:0010811	0.00038723175510834
