GO:0035591	0.000108490874567317
GO:0005165	0.000185363300409762
