GO:0006829	2.9765500383361e-06
GO:0031032	0.000162278300713751
GO:0017048	0.000177651373678423
GO:0000041	0.000353944871560463
