GO:0060716	1.8124881784209e-05
GO:0001158	0.000164713607130297
GO:0060674	0.000186327800736011
GO:0035326	0.00032819502049995
