GO:0010181	6.33539440983867e-07
GO:0008138	1.63336185924782e-05
GO:0016779	0.000103288672224287
