GO:0000922	6.13092260475517e-05
GO:0009615	0.00023296111400385
