GO:0071636	6.58449938374711e-05
GO:0001893	0.00035030245174528
GO:0006090	0.000354129993666025
GO:0071320	0.000389556640720001
