GO:0004623	1.03420747084404e-05
GO:0004620	0.000416882612415271
