GO:0019433	1.27235629723383e-05
GO:0046461	1.62617752006773e-05
GO:0046503	6.45755980286847e-05
