GO:0008180	1.81475857885358e-05
GO:0007219	3.06638967371927e-05
GO:0003684	8.28881210902985e-05
GO:0051148	0.000179519160115796
